[gd_scene load_steps=6 format=3 uid="uid://d3tli8at8y80t"]

[sub_resource type="Curve3D" id="Curve3D_gel6c"]
_data = {
"points": PackedVector3Array(1.17921, -0.0768166, 0.433843, -1.17921, 0.0768166, -0.433843, 0, 0, 0, 0, 0, 0, 0, 0, 0, -3.594, 0, -0.916, 0, 0, 0, 0, 0, 0, -12.414, 0, -1.165, 0, 0, 0, 0, 0, 0, -13.0017, 0, 0.385633),
"tilts": PackedFloat32Array(0, 0, 0, 0)
}
point_count = 4
up_vector_enabled = false

[sub_resource type="Curve3D" id="Curve3D_utdk4"]
_data = {
"points": PackedVector3Array(0, 0, 0, 0, 0, 0, -4.264, 0, 3.987, -0.865, 0, 0, 0.865, 0, 0, -1.628, 0, 4.14, -0.0239821, 0, 0.897715, 0.0239821, 0, -0.897715, -0.254, 0, 2.214, 0, 0, 0, 0, 0, 0, -0.215, 0, -0.554),
"tilts": PackedFloat32Array(0, 0, 0, 0)
}
point_count = 4
up_vector_enabled = false

[sub_resource type="Curve3D" id="Curve3D_w0vht"]
_data = {
"points": PackedVector3Array(0, 0, 0, 0, 0, 0, -0.203, 0, -0.637, 0, 0, 0, 0, 0, 0, -0.363, 0, 0.665, -2.02511, 0, -0.125696, 2.02511, 0, 0.125696, 1.74568, 0, 2.8336, 0, 0, 0, 0, 0, 0, 6.09242, 0, 4.81994, -0.633246, 0, 0.228384, 0.633246, 0, -0.228384, 7.14091, 0, 5.24557),
"tilts": PackedFloat32Array(0, 0, 0, 0, 0)
}
point_count = 5
up_vector_enabled = false

[sub_resource type="Curve3D" id="Curve3D_ag4c4"]
_data = {
"points": PackedVector3Array(0, 0, 0, 0, 0, 0, -0.74496, -0.00807405, -0.924744, -0.024, 0, -0.898, 0.024, 0, 0.898, -0.639858, 0.00594401, 1.70974, 0.865, 0, 0, -0.865, 0, 0, -1.86563, 0, 3.12895, -0.865, 0, 0, 0, 0, 0, -4.51176, -0.000873566, 3.133),
"tilts": PackedFloat32Array(0, 0, 0, 0)
}
point_count = 4
up_vector_enabled = false

[sub_resource type="Curve3D" id="Curve3D_ma8g4"]
_data = {
"points": PackedVector3Array(0, 0, 0, 0, 0, 0, -4.51176, -0.000873566, 3.133, -0.865, 0, 0, 0.865, 0, 0, -1.86563, 0, 3.12895, -0.0239821, 0, 0.897715, 0.0239821, 0, -0.897715, -0.703071, 0.0052011, 1.71327, 0, 0, 0, 0, 0, 0, -0.624147, -0.0158007, -0.897799),
"tilts": PackedFloat32Array(0, 0, 0, 0)
}
point_count = 4
up_vector_enabled = false

[node name="NPC_Paths" type="Node3D"]
transform = Transform3D(1, 0, 0, 0, 1, 0, 0, 0, 1, 0, -0.662207, 0)

[node name="GuardPaths" type="Node3D" parent="."]
transform = Transform3D(1, 0, 0, 0, 1, 0, 0, 0, 1, 8.1165, 0, 5.22195)

[node name="ToStorage" type="Path3D" parent="GuardPaths"]
transform = Transform3D(1, 0, 0, 0, 1, 0, 0, 0, 1, 0.0613985, 0, 0)
curve = SubResource("Curve3D_gel6c")

[node name="ToStorage_PathFollow3D" type="PathFollow3D" parent="GuardPaths/ToStorage"]
transform = Transform3D(-0.34528, 0.057269, -0.936741, -3.72526e-09, 0.998133, 0.0610216, 0.93849, 0.0210698, -0.344636, 0, 0, 0)
use_model_front = true
loop = false

[node name="Storage_To_Kitchen" type="Path3D" parent="GuardPaths"]
transform = Transform3D(1, 0, 0, 0, 1, 0, 0, 0, 1, -8.1165, 0, -5.22195)
curve = SubResource("Curve3D_utdk4")

[node name="StorageToKitchen_PathFollow3D" type="PathFollow3D" parent="GuardPaths/Storage_To_Kitchen"]
transform = Transform3D(0.0579449, 0, 0.998319, 0, 1, 0, -0.998319, 0, 0.0579449, -4.264, 0, 3.987)
use_model_front = true
loop = false

[node name="Kitchen_To_Start" type="Path3D" parent="GuardPaths"]
transform = Transform3D(1, 0, 0, 0, 1, 0, 0, 0, 1, -8.1165, 0, -5.22195)
curve = SubResource("Curve3D_w0vht")

[node name="KitchenToStart_PathFollow3D" type="PathFollow3D" parent="GuardPaths/Kitchen_To_Start"]
transform = Transform3D(0.992532, 0, -0.12197, 0, 1, 0, 0.12197, 0, 0.992532, -0.203, 0, -0.637)
use_model_front = true
loop = false

[node name="KitchenPaths" type="Node3D" parent="."]
transform = Transform3D(1, 0, 0, 0, 1, 0, 0, 0, 1, 8.1165, 0, 5.22195)

[node name="Kitchen_To_Storage" type="Path3D" parent="KitchenPaths"]
transform = Transform3D(1, 0, 0, 0, 1, 0, 0, 0, 1, -8.1165, 0, -5.22195)
visible = false
curve = SubResource("Curve3D_ag4c4")

[node name="Kitchen_To_Storage_PathFollow3D" type="PathFollow3D" parent="KitchenPaths/Kitchen_To_Storage"]
transform = Transform3D(0.999195, -0.000211939, 0.039862, -7.27588e-12, 0.999986, 0.00531663, -0.0398626, -0.00531246, 0.999181, -0.74496, -0.00807405, -0.924744)
use_model_front = true
loop = false

[node name="Storage_To_Kitchen2" type="Path3D" parent="KitchenPaths"]
transform = Transform3D(1, 0, 0, 0, 1, 0, 0, 0, 1, -8.1165, 0, -5.22195)
curve = SubResource("Curve3D_ma8g4")

[node name="StorageToKitchen2_PathFollow3D" type="PathFollow3D" parent="KitchenPaths/Storage_To_Kitchen2"]
transform = Transform3D(-0.00153056, -0.000330129, 0.999992, -1.45518e-11, 1, 0.000330127, -0.999992, 5.05272e-07, -0.00153056, -4.51176, -0.000873566, 3.133)
use_model_front = true
loop = false
