[gd_scene load_steps=4 format=3 uid="uid://d4k7dx5sp6itq"]

[ext_resource type="Script" path="res://scripts/game/systems/dice_roller.gd" id="1_e3w3t"]
[ext_resource type="PackedScene" uid="uid://c5i15mkikj7ia" path="res://scenes/game/systems/dice_roller/die_placing_spot.tscn" id="2_yqe8l"]
[ext_resource type="PackedScene" uid="uid://8v05523r8lek" path="res://scenes/game/systems/dice_roller/die_throw_spot.tscn" id="3_c1oyf"]

[node name="DiceRoller" type="Node3D"]
script = ExtResource("1_e3w3t")
metadata/placing_spots = NodePath("DicePlacingSpots")
metadata/throw_spots = NodePath("DiceThrowSpots")

[node name="DicePlacingSpots" type="Node3D" parent="."]
transform = Transform3D(1, 0, 0, 0, 1, 0, 0, 0, 1, 0, 0.0108967, 0)

[node name="DiePlacingSpot" parent="DicePlacingSpots" instance=ExtResource("2_yqe8l")]
transform = Transform3D(1, 0, 0, 0, 1, 0, 0, 0, 1, -0.015, 0, -0.01)

[node name="DiePlacingSpot2" parent="DicePlacingSpots" instance=ExtResource("2_yqe8l")]
transform = Transform3D(1, 0, 0, 0, 1, 0, 0, 0, 1, -0.0440014, 0, 0.0102406)

[node name="DiePlacingSpot3" parent="DicePlacingSpots" instance=ExtResource("2_yqe8l")]
transform = Transform3D(1, 0, 0, 0, 1, 0, 0, 0, 1, -0.0130364, 0, 0.0356168)

[node name="DiePlacingSpot4" parent="DicePlacingSpots" instance=ExtResource("2_yqe8l")]
transform = Transform3D(1, 0, 0, 0, 1, 0, 0, 0, 1, 0.0174755, 0, 0.0183972)

[node name="DiePlacingSpot5" parent="DicePlacingSpots" instance=ExtResource("2_yqe8l")]
transform = Transform3D(1, 0, 0, 0, 1, 0, 0, 0, 1, 0.0498, 0, 0.0261007)

[node name="DiePlacingSpot6" parent="DicePlacingSpots" instance=ExtResource("2_yqe8l")]
transform = Transform3D(1, 0, 0, 0, 1, 0, 0, 0, 1, 0.0584098, 0, -0.019365)

[node name="DiePlacingSpot7" parent="DicePlacingSpots" instance=ExtResource("2_yqe8l")]
transform = Transform3D(1, 0, 0, 0, 1, 0, 0, 0, 1, 0.0265385, 0, -0.00924475)

[node name="DiePlacingSpot8" parent="DicePlacingSpots" instance=ExtResource("2_yqe8l")]
transform = Transform3D(1, 0, 0, 0, 1, 0, 0, 0, 1, 0.00569373, 0, -0.0365846)

[node name="DiceThrowSpots" type="Node3D" parent="."]

[node name="DieThrowSpot" parent="DiceThrowSpots" instance=ExtResource("3_c1oyf")]
transform = Transform3D(-0.307523, -0.951541, 0, 0.951541, -0.307523, 0, 0, 0, 1, 0.113009, 0.0943287, 0.0283378)

[node name="DieThrowSpot2" parent="DiceThrowSpots" instance=ExtResource("3_c1oyf")]
transform = Transform3D(-0.295375, -0.913953, -0.278288, 0.951541, -0.307523, -1.67043e-07, -0.0855796, -0.264802, 0.960498, 0.0841778, 0.0943287, 0.0550312)

[node name="DieThrowSpot3" parent="DiceThrowSpots" instance=ExtResource("3_c1oyf")]
transform = Transform3D(-0.295375, -0.913953, -0.278288, 0.951541, -0.307523, -1.67043e-07, -0.0855796, -0.264802, 0.960498, 0.108876, 0.0943287, 0.0533847)

[node name="DieThrowSpot4" parent="DiceThrowSpots" instance=ExtResource("3_c1oyf")]
transform = Transform3D(-0.307517, -0.951522, -0.00633545, 0.951541, -0.307523, -6.75835e-09, -0.00194829, -0.00602844, 0.99998, 0.100226, 0.0943287, 0.00839231)

[node name="DieThrowSpot5" parent="DiceThrowSpots" instance=ExtResource("3_c1oyf")]
transform = Transform3D(-0.307192, -0.950518, 0.0463568, 0.951541, -0.307523, -3.23211e-08, 0.0142558, 0.0441104, 0.998925, 0.0997676, 0.0943287, -0.0181738)

[node name="DieThrowSpot6" parent="DiceThrowSpots" instance=ExtResource("3_c1oyf")]
transform = Transform3D(-0.307192, -0.950518, 0.0463568, 0.951541, -0.307523, -3.23211e-08, 0.0142558, 0.0441104, 0.998925, 0.0820672, 0.0943287, -0.0342276)
